# T, c1, c2
2.961499999999999773e+02 6.352338076985507156e-08 7.752774793095591624e-04
2.971499999999999773e+02 1.046808343543380913e-07 7.668568276397244457e-04
2.981499999999999773e+02 1.716146319571837620e-07 7.537194622724715208e-04
2.991499999999999773e+02 2.801582870788484659e-07 7.358723844595559246e-04
3.001499999999999773e+02 4.559525992511800579e-07 7.132718627371114825e-04
3.011499999999999773e+02 7.408454109215604572e-07 6.858211274652602218e-04
3.021499999999999773e+02 1.204013519425457079e-06 6.533610262848450496e-04
3.031499999999999773e+02 1.986523525444924019e-06 6.247490564948892430e-04
3.041499999999999773e+02 3.287510625820574363e-06 5.873637050139028691e-04
3.051499999999999773e+02 5.484927480510556247e-06 5.409160489032241448e-04
3.061499999999999773e+02 9.375294511395181464e-06 4.891388105593808639e-04
3.071499999999999773e+02 1.647998416864163840e-05 4.234384582582457969e-04
3.081499999999999773e+02 3.110577055471555575e-05 3.437969519822538234e-04
3.091499999999999773e+02 7.178384009143623577e-05 2.266904754163402605e-04
