# T, c1, c2
2.901499999999999773e+02 4.653726910114065212e-09 5.485144753384779432e-04
2.911499999999999773e+02 7.656178638863762444e-09 5.338130951267816213e-04
2.921499999999999773e+02 1.293596619502072010e-08 5.366073462522972680e-04
2.931499999999999773e+02 2.169591122003399283e-08 5.361921037583231194e-04
2.941499999999999773e+02 3.522796835553110714e-08 5.179213661271821374e-04
2.951499999999999773e+02 5.844002922901853672e-08 5.127496706428349461e-04
2.961499999999999773e+02 9.641524552072290981e-08 5.044538326860597286e-04
2.971499999999999773e+02 1.583393626540157798e-07 4.930412619576712103e-04
2.981499999999999773e+02 2.591333151358209650e-07 4.784866012448612703e-04
2.991499999999999773e+02 4.232024468395824023e-07 4.607304694399934038e-04
3.001499999999999773e+02 6.909215474811079864e-07 4.396741629983093270e-04
3.011499999999999773e+02 1.130245643360612283e-06 4.151685239923639777e-04
3.021499999999999773e+02 1.879637758354472418e-06 3.922347843336182211e-04
3.031499999999999773e+02 3.147108820324733509e-06 3.632700589037550932e-04
3.041499999999999773e+02 5.388809301265202353e-06 3.310572876130917614e-04
3.051499999999999773e+02 9.451777005516337935e-06 2.897702128535252367e-04
3.061499999999999773e+02 1.763923163234202174e-05 2.402680515015741074e-04
3.071499999999999773e+02 3.803794350846580917e-05 1.704042399227825996e-04
