# T, c1, c2
2.901499999999999773e+02 6.308547487975776009e-09 4.067605239145493734e-04
2.911499999999999773e+02 1.035651751626679104e-08 3.946406015442220703e-04
2.921499999999999773e+02 1.742388724746828371e-08 3.940383455418175820e-04
2.931499999999999773e+02 2.839050607725600960e-08 3.803483602529082589e-04
2.941499999999999773e+02 4.724765171095643448e-08 3.761808195633467057e-04
2.951499999999999773e+02 7.820670486858706881e-08 3.696728976703640202e-04
2.961499999999999773e+02 1.288797378918734410e-07 3.608261336524021517e-04
2.971499999999999773e+02 2.116984034821994458e-07 3.496166805834802736e-04
2.981499999999999773e+02 3.471257824211002171e-07 3.359939780179362566e-04
2.991499999999999773e+02 5.692753221977967488e-07 3.198758944743179200e-04
3.001499999999999773e+02 9.478888300193332000e-07 3.056027193535289796e-04
3.011499999999999773e+02 1.583228592991347560e-06 2.869570713158106894e-04
3.021499999999999773e+02 2.666882862675087927e-06 2.637854204086898446e-04
3.031499999999999773e+02 4.605772185749639637e-06 2.378734449815695404e-04
3.041499999999999773e+02 8.194372097938083647e-06 2.049620233187744495e-04
3.051499999999999773e+02 1.573088170477522079e-05 1.647926568671676233e-04
3.061499999999999773e+02 3.831746194287786295e-05 1.041138173271715842e-04
