# T, c1, c2
2.901499999999999773e+02 6.795620597288445637e-09 3.707124877008528309e-04
2.911499999999999773e+02 1.115828602593028735e-08 3.594324799991080845e-04
2.921499999999999773e+02 1.876383443798387428e-08 3.585039016286529568e-04
2.931499999999999773e+02 3.134587150012132950e-08 3.554176596797776707e-04
2.941499999999999773e+02 5.089423667149405245e-08 3.414978619395763674e-04
2.951499999999999773e+02 8.425351467164578095e-08 3.350745556754091531e-04
2.961499999999999773e+02 1.389101793610639985e-07 3.264720061933173577e-04
2.971499999999999773e+02 2.283797385747086917e-07 3.156626102617996182e-04
2.981499999999999773e+02 3.750274145476797842e-07 3.025920247659446313e-04
2.991499999999999773e+02 6.248199901577996136e-07 2.917845046142384800e-04
3.001499999999999773e+02 1.029180292872540824e-06 2.731737232274007460e-04
3.011499999999999773e+02 1.726482995535514926e-06 2.550641570636663765e-04
3.021499999999999773e+02 2.954389624799469175e-06 2.350698055826800129e-04
3.031499999999999773e+02 5.149341166136237222e-06 2.090536525985775052e-04
3.041499999999999773e+02 9.385093730496858578e-06 1.773086616082964048e-04
3.051499999999999773e+02 1.888582726089497912e-05 1.358905665286494881e-04
