# T, c1, c2
2.901499999999999773e+02 7.997647696095651339e-09 3.024193669209062621e-04
2.911499999999999773e+02 1.350066390833757856e-08 3.018723595989912761e-04
2.921499999999999773e+02 2.207293661719015465e-08 2.912940378748095642e-04
2.931499999999999773e+02 3.685479185111015128e-08 2.879885066834036024e-04
2.941499999999999773e+02 6.120555806913060425e-08 2.828728297157241168e-04
2.951499999999999773e+02 1.011983183724905267e-07 2.759466162054048481e-04
2.961499999999999773e+02 1.667905701471224261e-07 2.671895315834267245e-04
2.971499999999999773e+02 2.744434558069359434e-07 2.565602335980539557e-04
2.981499999999999773e+02 4.517290678099306140e-07 2.439921836455158453e-04
2.991499999999999773e+02 7.550420226378933584e-07 2.327669695739577153e-04
3.001499999999999773e+02 1.266520448701614674e-06 2.181452288647024371e-04
3.011499999999999773e+02 2.144179866489619948e-06 1.999957054488179988e-04
3.021499999999999773e+02 3.726378222015294453e-06 1.796135245907284038e-04
3.031499999999999773e+02 6.732425673323219694e-06 1.547721908181547222e-04
3.041499999999999773e+02 1.312529160519990769e-05 1.223129528072124052e-04
3.051499999999999773e+02 3.530786196353901676e-05 6.995702904257179516e-05
