# T, c1, c2
2.901499999999999773e+02 1.407365917122609322e-09 1.899936652670697508e-03
2.911499999999999773e+02 2.432312719294692010e-09 1.951509749870890785e-03
2.921499999999999773e+02 3.999414621105159052e-09 1.910636728078180489e-03
2.931499999999999773e+02 6.552454493827088411e-09 1.868865064768620307e-03
2.941499999999999773e+02 1.109058499033460952e-08 1.899617980552448628e-03
2.951499999999999773e+02 1.800230340197738065e-08 1.852155580565040781e-03
2.961499999999999773e+02 3.006302848006721049e-08 1.867181475717884882e-03
2.971499999999999773e+02 4.838789254165225298e-08 1.813562828331120608e-03
2.981499999999999773e+02 7.982472499893960421e-08 1.813091798668881212e-03
2.991499999999999773e+02 1.275606256946080477e-07 1.752691148476147841e-03
3.001499999999999773e+02 2.082505569409454031e-07 1.736595896408655703e-03
3.011499999999999773e+02 3.382004158797870968e-07 1.710239718051105888e-03
3.021499999999999773e+02 5.468256947778423504e-07 1.673670656785763078e-03
3.031499999999999773e+02 8.811572489493371167e-07 1.626832552813983323e-03
3.041499999999999773e+02 1.416891149470648897e-06 1.569563185162307743e-03
3.051499999999999773e+02 2.277135729936832508e-06 1.501580476891645720e-03
3.061499999999999773e+02 3.665303512939928651e-06 1.422451905122678120e-03
3.071499999999999773e+02 5.994026681071796449e-06 1.349758402208447701e-03
3.081499999999999773e+02 9.855126051227416957e-06 1.257605051977403899e-03
3.091499999999999773e+02 1.639168360933768520e-05 1.145007267097597915e-03
