# T, c1, c2
2.901499999999999773e+02 2.520632193009891797e-08 8.232013573226380527e-05
2.911499999999999773e+02 4.305591880473141269e-08 8.155439424805199593e-05
2.921499999999999773e+02 7.194649455565409628e-08 7.832385373229486247e-05
2.931499999999999773e+02 1.202102364574556262e-07 7.449512180769920556e-05
2.941499999999999773e+02 2.039503702045863182e-07 7.108533531706168890e-05
2.951499999999999773e+02 3.470957079839518222e-07 6.662615475689432005e-05
2.961499999999999773e+02 5.959494525232718715e-07 6.107737470259498624e-05
2.971499999999999773e+02 1.050276780809083513e-06 5.484259138254828628e-05
2.981499999999999773e+02 1.911959864806425088e-06 4.690701198564255724e-05
2.991499999999999773e+02 3.802955030516025579e-06 3.729918050748137472e-05
3.001499999999999773e+02 1.030838053129689273e-05 2.143877390574302168e-05
