# T, c1, c2
2.901499999999999773e+02 2.773246816475917368e-09 9.415473767604841827e-04
2.911499999999999773e+02 4.746150123895168183e-09 9.572723579613927379e-04
2.921499999999999773e+02 7.782229596608013751e-09 9.332862640806239814e-04
2.931499999999999773e+02 1.271652019160329282e-08 9.086681585545093197e-04
2.941499999999999773e+02 2.134443914004230973e-08 9.139283189556184767e-04
2.951499999999999773e+02 3.556722509018589320e-08 9.138093475709054524e-04
2.961499999999999773e+02 5.737021628390368534e-08 8.832648579239719142e-04
2.971499999999999773e+02 9.456389139007229151e-08 8.752092397535595099e-04
2.981499999999999773e+02 1.550161721950626402e-07 8.619382847820673127e-04
2.991499999999999773e+02 2.479426009475885069e-07 8.245399079485603040e-04
3.001499999999999773e+02 4.038346594102149824e-07 8.029396267204862896e-04
3.011499999999999773e+02 6.561812628147304611e-07 7.759243702882150139e-04
3.021499999999999773e+02 1.081261470261465433e-06 7.563209266693405415e-04
3.031499999999999773e+02 1.755177925305673453e-06 7.161769803263385616e-04
3.041499999999999773e+02 2.894877780544809354e-06 6.792367083553022033e-04
3.051499999999999773e+02 4.800338557646259473e-06 6.323673308389900997e-04
3.061499999999999773e+02 8.053957825704710337e-06 5.750542222962395488e-04
3.071499999999999773e+02 1.391945632738092846e-05 5.103516764705133199e-04
3.081499999999999773e+02 2.520342970519736422e-05 4.312545103436523763e-04
3.091499999999999773e+02 5.071691792122891556e-05 3.272177866322312310e-04
