# T, c1, c2
2.961499999999999773e+02 1.053655027366616810e-07 4.487099948284464985e-04
2.971499999999999773e+02 1.731210794153511034e-07 4.376536358708009249e-04
2.981499999999999773e+02 2.835985976801646685e-07 4.237026984273019174e-04
2.991499999999999773e+02 4.638989220675384619e-07 4.067920672780733619e-04
3.001499999999999773e+02 7.697918626988826936e-07 3.930897642478934349e-04
3.011499999999999773e+02 1.261793007541519254e-06 3.689436336761612342e-04
3.021499999999999773e+02 2.105007533394915849e-06 3.457045444134614239e-04
3.031499999999999773e+02 3.545036018280560546e-06 3.168897250063526906e-04
3.041499999999999773e+02 6.129458962096058124e-06 2.845266922741441573e-04
3.051499999999999773e+02 1.102033863896418178e-05 2.450854092063839223e-04
3.061499999999999773e+02 2.139622832909808385e-05 1.935144283366556589e-04
3.071499999999999773e+02 5.810172504747613718e-05 1.093897063293507675e-04
