# T, c1, c2
2.901499999999999773e+02 5.846657303154280508e-09 4.147568612996557942e-04
2.911499999999999773e+02 9.912669496320304934e-09 4.168799089263108891e-04
2.921499999999999773e+02 1.668212300937574111e-08 4.164954491735162689e-04
2.931499999999999773e+02 2.717650758308862090e-08 4.022246091382914736e-04
2.941499999999999773e+02 4.523201620453463010e-08 3.981206076221205500e-04
2.951499999999999773e+02 7.486741319710256235e-08 3.915733762251072067e-04
2.961499999999999773e+02 1.233492996212290787e-07 3.825873731758000908e-04
2.971499999999999773e+02 2.025217973980044997e-07 3.711411893237446863e-04
2.981499999999999773e+02 3.318254519890592396e-07 3.571863516042433385e-04
2.991499999999999773e+02 5.435435576685782403e-07 3.406432371917949165e-04
3.001499999999999773e+02 9.037668447157999478e-07 3.262212873431011555e-04
3.011499999999999773e+02 1.489233854253106421e-06 3.032937186384782589e-04
3.021499999999999773e+02 2.503526150537961671e-06 2.804579529265429738e-04
3.031499999999999773e+02 4.306882970518944963e-06 2.549893647265923601e-04
3.041499999999999773e+02 7.600647759445544247e-06 2.223502769004190543e-04
3.051499999999999773e+02 1.432210394430466713e-05 1.829871823854001733e-04
3.061499999999999773e+02 3.175666172438184503e-05 1.265049146531565659e-04
