# T, c1, c2
2.901499999999999773e+02 1.063090365352162477e-08 2.256307162477763325e-04
2.911499999999999773e+02 1.744181780053262467e-08 2.176097455141485257e-04
2.921499999999999773e+02 2.921949470844880523e-08 2.149842974252359838e-04
2.931499999999999773e+02 4.868922433828355041e-08 2.109856255710190992e-04
2.941499999999999773e+02 8.078349749982753044e-08 2.056113406455115479e-04
2.951499999999999773e+02 1.336287487050402325e-07 1.988439246248555016e-04
2.961499999999999773e+02 2.207345588543702732e-07 1.906490561016330610e-04
2.971499999999999773e+02 3.699295024876605561e-07 1.838983793868050054e-04
2.981499999999999773e+02 6.126698581432573132e-07 1.722054287493015061e-04
2.991499999999999773e+02 1.033321295547855593e-06 1.608430932000153642e-04
3.001499999999999773e+02 1.777488359982227816e-06 1.483031487553635700e-04
3.011499999999999773e+02 3.113028595463700308e-06 1.319650368995202514e-04
3.021499999999999773e+02 5.697965083192657629e-06 1.120373747769685447e-04
3.031499999999999773e+02 1.144956130307173390e-05 8.574130502940541167e-05
